
=============================================================================
Run Date: JAN 06, 2011                     Designation: ICPT*6*54
Package : ICPT - CPT/HCPCS CODES              Priority: Mandatory
Version : 6        SEQ #52                      Status: Released
                  Compliance Date: JAN 13, 2011
=============================================================================


Subject: Code Set FY11 2nd Qtr Update

Category: 
  - Informational

Description:
============

  This patch is an informational patch that contains CPT/HCPCS changes
  for FY 2011 2nd quarter, effective Jan 1, 2011.  This patch contains
  no routines, data, or data dictionaries.  The data for this patch is 
  exported with the corresponding Lexicon data in patch LEX*2.0*74.
  Patch LEX*2.0*74 requires that patch LEX*2.0*72 be previously 
  installed.
      
  The data in LEX*2.0*74 affects the following files: 
  
       CPT                       #81       ^ICPT(       ICR 4489
       CPT CATEGORY              #81.1     ^DIC(81.1,   ICR 4490
       CPT COPYRIGHT             #81.2     ^DIC(81.2,   ICR 4491
       CPT MODIFIER              #81.3     ^DIC(81.3,   ICR 4492
   
  ENHANCEMENTS
  ============
   
    FY11 2nd Quarter Update
 
      CPT Procedure Additions
      -----------------------
 
        Effective Jan 01, 2011                              (119 Codes)
          11045   11046   11047   22551   29914   29915   29916   31295
          31296   31297   31634   33620   33621   33622   37220   37221
          37222   37223   37224   37225   37226   37227   37228   37229
          37230   37231   37232   37233   37234   37235   38900   43283
          43327   43328   43332   43333   43334   43335   43336   43337
          43338   43753   43754   43755   43756   43757   49327   49412
          49418   53860   57156   61781   61782   61783   64566   64568
          64569   64570   64611   65778   65779   66174   66175   74176
          74177   74178   76881   76882   80104   82930   84112   85598
          86481   86902   87501   87502   87503   87906   88120   88121
          88177   88363   88749   90461   90867   90868   91013   91117
          92132   92133   92134   92227   92228   93451   93452   93453
          93454   93455   93456   93457   93458   93459   93460   93461
          93462   93463   93464   93563   93564   93565   93566   93567
          93568   95800   95801   96446   99224   99225   99226
 
      CPT Procedure Inactivations
      ---------------------------
 
        Effective Jan 01, 2011                              (107 Codes)
          0016T   0017T   0104T   0105T   0130T   0160T   0161T   0176T
          0177T   0187T   0193T   0203T   0204T   11040   11041   20000
          33861   35454   35456   35459   35470   35473   35474   35480
          35481   35482   35483   35484   35485   35490   35491   35492
          35493   35494   35495   39502   39520   39530   39531   43324
          43326   43600   49420   61795   64573   75992   75993   75994
          75995   75996   76150   76350   76880   82926   82928   86903
          89100   89105   89130   89132   89135   89136   89140   89141
          89225   89235   90465   90466   90467   90468   91000   91011
          91012   91052   91055   91105   91123   92135   93012   93014
          93230   93231   93232   93233   93235   93236   93237   93501
          93508   93510   93511   93514   93524   93526   93527   93528
          93529   93539   93540   93541   93542   93543   93544   93545
          93555   93556   96445
 
      CPT Procedures Re-Used
      ----------------------
 
        Effective Jan 01, 2011                                (5 Codes)
          0058T   0059T   22552   83861   90460
 
      CPT Procedure Revisions
      -----------------------
 
        Effective Jan 01, 2011                             (2375 Codes)
          00100   00102   00103   00104   00120   00124   00126   00140
          00142   00144   00145   00147   00148   0015F   00160   00162
          00164   00170   00172   00174   00176   00190   00192   0019T
          00210   00211   00212   00214   00215   00216   00218   00220
          00222   00300   00320   00322   00326   00350   00352   00400
          00402   00404   00406   00410   0042T   00450   00452   00454
          00470   00472   00474   00500   00520   00522   00524   00528
          00529   00530   00532   00534   00537   00539   00540   00541
          00542   00546   00548   00550   00560   00561   00563   00566
          00567   00580   00600   00604   00620   00622   00626   00630
          00632   00635   00640   00670   00700   00702   00730   0073T
          00740   00750   00752   00754   00756   00770   00790   00792
          00794   00796   00797   00800   00802   00810   00820   00830
          00832   00834   00840   00842   00844   00846   00848   00851
          00860   00862   00864   00865   00866   00868   00870   00880
          00882   00902   00904   00906   00908   00910   00912   00914
          00916   00918   00920   00921   00922   00924   00926   00928
          00930   00932   00934   00936   00938   00940   00942   00944
          00948   00950   00952   0101T   0102T   01112   01120   01130
          01140   01150   01160   01170   01173   01180   01190   01200
          01202   01210   01212   01214   01215   01220   01230   01232
          01234   01250   01260   01270   01272   01274   01320   01340
          01360   01380   01382   01390   01392   01400   01402   01404
          01420   01430   01432   01440   01442   01444   01462   01464
          01470   01472   01474   01480   01482   01484   01486   01490
          01500   01502   01520   01522   01610   01620   01630   01634
          01636   01638   01650   01652   01654   01656   01670   0167T
          01680   01682   01710   01712   01714   01716   01730   01732
          01740   01742   01744   01756   01758   01760   01770   01772
          01780   01782   0178T   0179T   0180T   01810   01820   01829
          01830   01832   01840   01842   01844   01850   01852   01860
          01916   01920   01922   01924   01925   01926   01930   01931
          01932   01933   01935   01936   01951   01952   01953   01958
          01960   01961   01962   01963   01965   01966   01967   01991
          01992   0208T   0209T   0210T   0211T   0212T   0213T   0214T
          0215T   0216T   0217T   0218T   0219T   0220T   0221T   0222T
          0223T   0224T   0225T   0226T   0227T   0228T   0229T   0230T
          0231T   0232T   0233T   0234T   0235T   0239T   0240T   0241T
          0242T   0243T   0244T   0245T   0246T   0247T   0248T   0249T
          0250T   0251T   0252T   0253T   0254T   0255T   0256T   0257T
          0258T   0259T   10180   11010   11011   11012   11042   11043
          11044   11056   11057   11100   11101   1111F   1123F   1124F
          11450   11451   11462   11463   11470   11471   11720   11721
          11732   11755   11765   1200F   12054   15002   15003   15004
          15005   15100   15101   15130   15136   15155   15175   15176
          15200   15300   15335   15360   15400   15420   15732   15734
          15736   15738   15757   15758   15786   15787   15788   15789
          15792   15793   15819   15845   16020   16025   16030   16035
          16036   17003   17110   17111   17250   17311   17313   17314
          17315   19101   19105   19125   19126   19290   19291   19295
          19303   19304   19305   19306   19307   20005   20100   20101
          20102   20103   20206   20220   20225   20240   20245   2030F
          2031F   2050F   20526   20552   20553   20600   20605   20610
          20660   20664   20802   20805   20808   20816   20822   20824
          20827   20838   20930   20931   20950   20955   20956   20957
          20962   20969   20970   20972   20973   20982   21012   21014
          21016   21025   21031   21032   21116   21125   21127   21141
          21142   21143   21145   21146   21147   21150   21151   21154
          21155   21159   21160   21270   21275   21552   21554   21558
          21931   21933   21936   22010   22015   22101   22102   22112
          22114   22206   22207   22208   22216   22226   22315   22523
          22524   22525   22526   22527   22534   22614   22632   22818
          22819   22851   22900   22901   23120   23130   23395   23410
          23412   24071   24332   24357   24358   25073   25078   25394
          25830   26135   26140   26145   26170   26235   26236   26415
          26553   26554   26720   26725   26727   26735   26740   26742
          26746   26750   26755   26756   26765   26861   27049   27065
          27066   27067   27070   27071   27323   27324   27325   27326
          27330   27337   27339   27360   27364   27427   27428   27429
          27616   27632   27634   27658   27659   27664   27665   27703
          27870   28041   28055   28060   28272   28450   28455   28465
          28890   29505   29805   29860   29861   29862   29863   29866
          29867   29868   29870   29893   29900   29901   29902   3018F
          3025F   3035F   3045F   3050F   3077F   30801   3080F   3082F
          3083F   3084F   3088F   3089F   3090F   30915   3091F   30920
          3092F   30930   31000   31002   31020   31030   31032   31050
          3110F   3112F   31231   31233   31235   31237   31238   31239
          31240   31267   31276   31287   31288   31290   31291   31292
          31293   31294   31320   31511   31520   31561   31577   31628
          31629   31631   31632   31636   31637   31638   31641   31645
          31646   31656   31730   3218F   32200   32201   32405   32601
          32602   32603   32604   32605   32606   32650   32651   32652
          32653   32654   32655   32656   32657   32658   32659   32660
          32661   32662   32663   32664   32665   32851   32853   32855
          32856   32998   33202   33203   33218   33220   33222   3322F
          33244   33254   33255   33256   33257   33258   33265   33266
          3328F   33401   33403   33411   33415   3341F   3344F   33463
          33464   33471   33475   33496   33506   33507   33510   33511
          33512   33513   33514   33516   33517   33518   33519   33521
          33522   33523   33530   33533   33534   33535   33536   33548
          33615   3370F   3372F   3374F   3376F   3378F   3380F   3382F
          3384F   33860   33863   33864   3386F   33883   33884   33886
          3388F   3390F   33926   33935   34501   3450F   3470F   3471F
          3472F   34812   34820   34825   34826   34833   34834   34900
          3490F   3492F   3493F   3494F   3495F   3496F   3498F   35002
          35013   35022   35082   35092   35103   35112   35122   35132
          35142   35152   35390   35526   35623   35626   35700   35701
          35721   35901   35903   35905   35907   36440   36450   36460
          36468   36469   36475   36476   36478   36481   36500   36510
          36515   36516   36598   36620   36625   36640   36660   36680
          36818   36819   36832   36838   37195   37205   37206   37207
          37208   37215   37216   37765   37788   38100   38101   38102
          38120   38129   38205   38240   38300   38305   38500   38505
          38510   38520   38525   38530   38542   38550   38555   38562
          38564   38570   38571   38572   38589   38700   38720   38724
          39560   39561   4001F   4002F   4003F   4004F   4047F   4048F
          4058F   40804   40805   41145   41150   41153   41155   41520
          4165F   41805   41806   4180F   41820   4194F   4200F   42104
          42106   42107   42145   42280   42281   4250F   4255F   4256F
          4265F   4266F   4268F   4274F   4275F   4293F   42953   4305F
          43202   4320F   43220   43226   43227   43228   43234   43235
          43237   43239   43249   4325F   43279   43280   43289   43325
          43330   43331   43350   43351   43352   4340F   43496   43605
          43631   43632   43633   43634   43635   43647   43651   43652
          43653   43659   43881   43886   43887   43888   4400F   44126
          44127   44128   44132   44133   44135   44136   44180   44186
          44187   44188   44202   44203   44213   44227   44238   44386
          44393   44500   44602   44603   44604   44680   44900   44901
          44970   44979   45190   45381   45395   45397   45499   45990
          46250   46260   46608   46610   46612   46614   46900   46910
          46916   46917   46924   47001   47010   47011   47140   47141
          47142   47143   47144   47145   47379   47480   47490   47510
          47579   47801   48001   48100   48102   48400   48556   49040
          49041   49060   49061   49080   49180   49220   49321   49322
          49324   49329   49402   49419   49421   49422   49424   49427
          49492   49495   49496   49500   49501   49520   49521   49525
          49550   49553   49555   49557   49560   49561   49565   49566
          49570   49572   49580   49582   49585   49587   49659   49904
          49905   49906   50020   50021   5010F   50220   50225   50230
          50250   50320   50382   50384   50542   50544   50549   5062F
          50949   5100F   51703   51741   51999   52001   52282   52325
          52327   52344   53400   53405   53420   53425   53500   54050
          54055   54056   54057   54065   54111   54112   54160   54411
          54417   54522   54690   54692   54699   55300   55559   55860
          55866   55875   55876   55970   55980   56501   57022   57023
          57061   57065   57106   57107   57110   57111   57112   57155
          57282   57283   57284   57285   57296   57308   57423   57425
          57460   57461   57531   57556   58291   58292   58293   58294
          58353   58541   58546   58553   58554   58555   58558   58559
          58560   58561   58562   58563   58565   58570   58572   58578
          58660   58661   58662   58670   58671   58672   58673   58679
          58740   58820   58822   58823   58825   58953   58956   59000
          59001   59012   59076   59898   60659   6080F   6090F   61210
          61570   61580   61581   61582   61583   61586   61609   61610
          61611   61612   61613   61615   61616   61624   61626   61640
          61697   61698   61700   61796   61797   61798   61799   61864
          61868   62267   62269   62270   62318   63040   63042   63043
          63044   63077   63078   63620   63621   64400   64402   64405
          64408   64410   64412   64413   64415   64416   64417   64418
          64420   64421   64430   64435   64445   64446   64447   64448
          64449   64450   64455   64479   64480   64483   64484   64505
          64508   64510   64517   64520   64530   64612   64613   64614
          64632   64708   64712   64713   64714   64744   64885   64886
          64890   64891   64892   64893   64895   64896   64897   64898
          65756   65780   65781   65782   66700   66720   66740   66761
          66820   66982   66983   66984   67031   67113   67346   67415
          68371   68505   69110   69801   69802   70240   70336   70371
          70496   70498   71275   72255   72265   72270   72291   72292
          73092   73542   73560   73562   73564   73592   74022   74185
          74220   74230   74240   74241   74245   74261   74262   74263
          74290   74291   74355   74360   74363   74400   74410   74415
          74420   74425   74430   74440   74450   74455   74475   74480
          74485   74740   74742   75565   75573   75630   75650   75658
          75660   75662   75665   75671   75676   75680   75685   75705
          75710   75716   75722   75724   75726   75731   75733   75736
          75741   75743   75746   75756   75774   75801   75803   75805
          75807   75809   75810   75820   75822   75825   75827   75831
          75833   75840   75842   75860   75870   75872   75880   75885
          75887   75889   75891   75894   75896   75940   75954   75956
          75957   75958   75959   75960   75961   75962   75964   75968
          76001   76010   76098   76510   76511   76512   76513   76514
          76604   76645   76700   76770   76775   76800   76801   76802
          76805   76810   76811   76812   76813   76814   76815   76816
          76817   76830   76831   76856   76857   76870   76872   76873
          76885   76886   76930   76937   76940   76945   76948   76998
          77003   77032   77055   77056   77057   77058   77059   77073
          77074   77075   77076   77077   77078   77079   77080   77082
          77084   77301   77371   77372   77418   77422   77423   77427
          77520   77522   77523   77525   77785   77786   78000   78001
          78007   78018   78102   78103   78104   78110   78111   78120
          78121   78190   78268   78271   78272   78300   78305   78306
          78315   78350   78351   78451   78452   78453   78454   78458
          78472   78473   78481   78483   78491   78492   78494   78586
          78587   78591   78593   78594   78700   78709   78800   78801
          78802   78804   78805   78806   78811   78812   78813   78814
          78815   78816   79005   79101   79200   79300   79440   79445
          80100   80101   80103   80156   80157   80164   80185   80186
          80299   81000   81001   81003   81020   81050   82016   82017
          82043   82044   82045   82103   82104   82105   82106   82120
          82127   82128   82131   82135   82136   82139   82239   82240
          82247   82248   82270   82271   82272   82274   82306   82355
          82360   82370   82373   82374   82375   82376   82382   82383
          82384   82438   82465   82480   82482   82485   82491   82492
          82530   82541   82542   82553   82554   82652   82656   82658
          82705   82710   82747   82784   82787   82803   82805   82810
          82947   82952   82979   83003   83009   83010   83013   83018
          83026   83030   83033   83037   83070   83071   83500   83505
          83516   83518   83593   83630   83631   83661   83662   83663
          83664   83700   83701   83704   83876   83883   83898   83908
          83909   83913   83918   83919   83921   83950   83951   84061
          84152   84153   84154   84155   84156   84157   84160   84163
          84165   84182   84238   84375   84376   84377   84431   84480
          84484   84512   84704   85027   85032   85378   85379   85380
          85396   85441   85445   85460   85461   85597   85613   85651
          85652   85670   85675   85730   85732   86000   86060   86063
          86141   86156   86157   86160   86162   86171   86215   86226
          86255   86256   86294   86300   86301   86304   86316   86317
          86318   86334   86355   86357   86359   86360   86361   86367
          86382   86431   86480   86485   86486   86590   86645   86692
          86703   86704   86705   86708   86709   86778   86788   86804
          86812   86813   86816   86817   86821   86822   86825   86826
          86880   86885   86886   86891   86900   86901   86904   86905
          86906   86910   86911   86920   86921   86922   86923   86927
          86940   86975   86976   86977   86978   87045   87046   87070
          87075   87076   87106   87107   87143   87147   87150   87158
          87176   87181   87184   87185   87186   87187   87188   87190
          87197   87205   87206   87207   87209   87210   87230   87250
          87252   87253   87254   87255   87260   87265   87267   87269
          87270   87272   87273   87274   87275   87276   87277   87278
          87279   87280   87281   87283   87285   87290   87299   87300
          87301   87305   87320   87324   87327   87328   87329   87332
          87335   87336   87337   87338   87339   87340   87341   87350
          87380   87385   87390   87391   87400   87420   87425   87427
          87430   87449   87450   87451   87470   87471   87472   87475
          87476   87477   87480   87481   87482   87485   87486   87487
          87490   87491   87492   87495   87496   87497   87498   87500
          87510   87511   87512   87515   87516   87517   87520   87521
          87522   87525   87526   87527   87528   87529   87530   87531
          87532   87533   87534   87535   87536   87537   87538   87539
          87540   87541   87542   87550   87551   87552   87555   87556
          87557   87560   87561   87562   87580   87581   87582   87590
          87591   87592   87620   87621   87622   87640   87641   87650
          87651   87652   87653   87660   87797   87798   87799   87800
          87801   87900   87901   87902   87903   87904   88000   88005
          88007   88012   88014   88016   88020   88025   88027   88028
          88029   88104   88106   88107   88108   88112   88141   88142
          88147   88148   88150   88152   88153   88154   88155   88160
          88161   88162   88164   88165   88166   88167   88172   88173
          88174   88184   88185   88187   88188   88189   88230   88233
          88235   88237   88239   88245   88248   88249   88261   88262
          88263   88264   88267   88269   88271   88272   88273   88274
          88275   88285   88289   88300   88314   88331   88332   88333
          88334   88355   88356   88358   88367   88368   88371   88380
          88381   88384   88385   88386   89055   89060   89258   89259
          89260   89261   89290   89291   89321   89322   89330   89342
          89343   89344   89346   89352   89353   89354   89356   90281
          90283   90284   90288   90291   90371   90375   90376   90378
          90384   90385   90386   90389   90393   90396   90472   90476
          90477   90581   90585   90586   90632   90633   90634   90636
          90644   90645   90646   90647   90648   90649   90650   90657
          90658   90660   90664   90665   90666   90667   90668   90669
          90670   90675   90676   90680   90690   90691   90692   90693
          90698   90700   90701   90702   90703   90704   90705   90706
          90707   90708   90710   90713   90716   90717   90718   90719
          90720   90721   90723   90725   90727   90733   90734   90735
          90736   90740   90743   90746   90747   90748   90804   90805
          90806   90807   90808   90809   90810   90811   90812   90813
          90814   90815   90816   90817   90818   90819   90821   90822
          90823   90824   90826   90827   90828   90829   90901   90935
          90937   90945   90947   90951   90952   90953   90954   90955
          90956   90957   90959   90960   90961   90962   90963   90964
          90966   90967   90968   90970   90989   90993   91010   92002
          92004   92225   92226   92551   92552   92553   92556   92560
          92561   92565   92570   92577   92585   92586   92590   92591
          92592   92593   92594   92595   92607   92620   92621   92960
          92961   92970   92971   92974   92975   92977   92978   92979
          92997   92998   93000   93005   93041   93042   93224   93225
          93226   93227   93228   93229   93268   93270   93271   93272
          93279   93280   93281   93282   93283   93284   93306   93307
          93308   93320   93321   93530   93531   93532   93533   93609
          93613   93623   93631   93701   93750   93890   93892   93893
          93922   93923   93924   94002   94003   94011   94012   94013
          94644   94645   94660   94662   94680   94681   94772   94774
          94775   94776   94777   95024   95115   95120   95125   95130
          95131   95132   95133   95134   95250   95251   95807   95808
          95810   95812   95813   95816   95819   95822   95824   95827
          95831   95832   95833   95834   95857   95860   95861   95863
          95864   95865   95866   95869   95870   95872   95873   95874
          95928   95929   95953   95956   95961   95962   95965   95966
          95967   95970   95971   95972   95973   95974   95975   96000
          96040   96110   96111   96150   96151   96152   96153   96154
          96360   96361   96365   96369   96370   96371   96372   96373
          96374   96376   96401   96405   96409   96411   96413   96415
          96420   96425   96440   96450   96521   96549   96567   96570
          96571   96913   96920   96921   96922   97024   97597   97598
          97605   97606   97802   97803   97804   98960   98961   98962
          99051   99053   99143   99144   99170   99201   99202   99203
          99204   99205   99211   99212   99213   99214   99215   99218
          99219   99220   99291   99292   99304   99305   99306   99307
          99308   99309   99310   99341   99342   99343   99344   99345
          99347   99348   99349   99350   99354   99355   99356   99357
          99363   99364   99381   99382   99383   99384   99385   99386
          99387   99391   99392   99393   99394   99395   99396   99401
          99402   99403   99404   99408   99409   99411   99412   99460
          99461   99462   99468   99469   99471   99472   99475   99476
          99478   99500   99501   99502   99503   99505   99506   99507
          99510   99511   99601   99602   99605   99606   99607
 
      HCPCS Procedure Additions  (146 Codes)
      -------------------------
 
        Effective Aug 25, 2010 (FY10 4th Qtr)                 (2 Codes)
          C9801   C9802
 
        Effective Oct 01, 2010 (FY11 1st Qtr)                (12 Codes)
          C1749   C8931   C8932   C8933   C8934   C8935   C8936   C9269
          C9270   C9271   C9272   C9273
 
        Effective Jan 01, 2011                              (132 Codes)
          A4566   A9273   C9274   C9275   C9276   C9277   C9278   C9279
          E0446   E1831   E2622   E2623   E2624   E2625   G0157   G0158
          G0162   G0434   G0436   G0437   G0438   G0439   G0440   G0441
          G8629   G8630   G8631   G8632   G8633   G8634   G8635   G8636
          G8637   G8638   G8639   G8640   G8641   G8642   G8643   G8644
          G8645   G8646   G8647   G8648   G8649   G8650   G8651   G8652
          G8653   G8654   G8655   G8656   G8657   G8658   G8659   G8660
          G8661   G8662   G8663   G8664   G8665   G8666   G8667   G8668
          G8669   G8670   G8671   G8672   G8673   G8674   G8675   G8676
          G8677   G8678   G8679   G8680   G8681   G8682   G8683   G8684
          G8685   G8686   G8687   G8688   G8689   G8690   G8691   G8692
          G8693   J0171   J0558   J0561   J0597   J0638   J0775   J1559
          J1599   J1786   J1826   J2358   J2426   J3095   J3262   J3357
          J3385   J7184   J7309   J7312   J7335   J7686   J8562   J9302
          J9307   J9315   J9351   L3674   L4631   L5961   L8693   Q0478
          Q0479   Q2035   Q2036   Q2037   Q2038   Q2039   Q4117   Q4118
          Q4119   Q4120   Q4121   T1505
 
      HCPCS Procedure Inactivations
      -----------------------------
 
        Effective Jan 01, 2011                              (282 Codes)
          C9255   C9256   C9258   C9259   C9260   C9261   C9263   C9264
          C9265   C9266   C9267   C9268   E0220   E0230   E0238   G0430
          G8006   G8007   G8008   G8009   G8010   G8011   G8012   G8013
          G8014   G8015   G8016   G8017   G8018   G8019   G8020   G8021
          G8022   G8023   G8024   G8025   G8026   G8027   G8028   G8029
          G8030   G8031   G8032   G8033   G8034   G8035   G8036   G8037
          G8038   G8039   G8040   G8041   G8051   G8052   G8053   G8054
          G8055   G8056   G8057   G8058   G8059   G8060   G8061   G8062
          G8075   G8076   G8077   G8078   G8079   G8080   G8081   G8082
          G8085   G8093   G8094   G8099   G8100   G8103   G8104   G8106
          G8107   G8108   G8109   G8110   G8111   G8112   G8113   G8114
          G8115   G8116   G8117   G8129   G8130   G8131   G8152   G8153
          G8154   G8155   G8156   G8157   G8159   G8162   G8164   G8165
          G8166   G8167   G8170   G8171   G8172   G8182   G8183   G8184
          G8185   G8186   G8193   G8196   G8200   G8204   G8209   G8214
          G8217   G8219   G8220   G8221   G8223   G8226   G8231   G8234
          G8238   G8240   G8243   G8246   G8248   G8251   G8254   G8257
          G8260   G8263   G8266   G8268   G8271   G8274   G8276   G8279
          G8282   G8285   G8289   G8293   G8296   G8298   G8299   G8302
          G8303   G8304   G8305   G8306   G8307   G8308   G8310   G8314
          G8318   G8322   G8326   G8330   G8334   G8338   G8341   G8345
          G8351   G8354   G8357   G8360   G8362   G8365   G8367   G8370
          G8371   G8372   G8373   G8374   G8375   G8376   G8377   G8378
          G8379   G8380   G8381   G8382   G8383   G8384   G8385   G8386
          G8387   G8388   G8389   G8390   G8391   G8402   G8403   G8407
          G8408   G8409   G8423   G8424   G8425   G8426   G8429   G8434
          G8435   G8436   G8437   G8438   G8439   G8443   G8445   G8446
          G8449   G8453   G8454   G8455   G8456   G8457   G8466   G8467
          G8479   G8480   G8481   G8488   G8507   G8518   G8519   G8520
          J0128   J0170   J0559   J0560   J0570   J0580   J0704   J0970
          J1390   J1470   J1480   J1490   J1500   J1510   J1520   J1530
          J1540   J1550   J1785   J1825   J2321   J2322   J9062   J9080
          J9090   J9091   J9092   J9093   J9094   J9095   J9096   J9097
          J9110   J9140   J9290   J9291   J9350   J9375   J9380   K0734
          K0735   K0736   K0737   L3660   L3670   L3672   L3673   L3675
          Q2025   Q4109
 
      HCPCS Procedures Re-Used
      ------------------------
 
        Effective Jan 01, 2011                                (8 Codes)
          A7020   G0159   G0160   G0161   G0163   G0164   J1290   J7196
 
      HCPCS Procedure Revisions  (67 Codes)
      -------------------------
 
        Effective Apr 02, 2010 (FY10 3rd Qtr)                 (2 Codes)
          G0432   G0433
 
        Effective Jul 02, 2010 (FY10 4th Qtr)                  (1 Code)
          G0435
 
        Effective Jan 01, 2011                               (64 Codes)
          A4399   A5112   A6011   A6248   A6260   A6261   A6262   A7013
          B4034   B4035   B4036   C8923   C8924   C8928   G0151   G0152
          G0153   G0154   G0423   G0424   G0425   G0426   G0427   G0429
          G0431   G8427   G8428   G8440   G8441   G8447   G8448   G8473
          G8474   G8475   G8508   G8509   J0598   J9060   K0899   L0450
          L0460   L0464   L0470   L3671   L3677   Q0499   Q4101   Q4102
          Q4103   Q4104   Q4105   Q4106   Q4107   Q4108   Q4110   Q4111
          Q4112   Q4113   Q4115   Q4116   S3829   S3830   S3831   S9494
 
      CPT Modifier Additions
      ----------------------
 
        Effective Jan 01, 2011                               (12 Codes)
          4P      4Q      4R      4S      4T      4U      AZ      CS
          DA      GU      NB      PT
 
      CPT Modifier Inactivations
      --------------------------
 
        Effective Jan 01, 2011                                 (1 Code)
          4D
 
      CPT Modifier Revisions
      ----------------------
 
        Effective Jan 01, 2011                               (15 Codes)
          4A      4B      4C      4E      4F      4G      4Z      50
          76      77      78      GA      Q3      RA      RB
 
 
  INSTALLATION INSTRUCTIONS
  =========================
      
     Please refer to the patch description for LEX*2.0*74 for instructions 
     for retrieving the data global host file and installing this patch.
 

Routine Information:
====================
No routines included.

=============================================================================
User Information:
Entered By  : ROWE,KIMBALL                  Date Entered  : NOV 10, 2010
Completed By: LEE,ROBERT                    Date Completed: JAN 04, 2011
Released By : CANNEDY,JOELLEN               Date Released : JAN 06, 2011
=============================================================================


Packman Mail Message:
=====================

No routines included
